name, age, e-mail, division, telephone, sex
À±Áö¿¬, 71, zrzg9zt5@bhban.com, mha, 010-3871-8238, male